100_7100.JPG q=[-0.018874 -0.221727 0.037795 0.974193] t=[6.183329 0.335021 1.839838]
100_7101.JPG q=[-0.009393 -0.161513 0.016220 0.986693] t=[4.351286 0.277342 1.873259]
100_7102.JPG q=[0.010021 -0.105657 0.006510 0.994331] t=[3.118533 0.264753 1.885599]
100_7103.JPG q=[-0.007373 -0.064148 0.006516 0.997892] t=[2.398122 0.337973 1.655044]
100_7104.JPG q=[0.001342 0.003902 -0.000060 0.999991] t=[1.152165 0.315034 1.596427]
100_7105.JPG q=[-0.006758 0.047015 -0.006665 0.998849] t=[-0.075952 0.311617 1.535183]
100_7106.JPG q=[-0.007094 0.095590 -0.010332 0.995342] t=[-1.215900 0.218190 1.261388]
100_7107.JPG q=[-0.035804 0.176420 -0.024050 0.983369] t=[-2.380345 0.083147 0.670653]
100_7108.JPG q=[-0.025721 0.215930 -0.036852 0.975374] t=[-3.820714 -0.083592 0.130678]
100_7109.JPG q=[-0.026742 0.289065 -0.041624 0.956030] t=[-5.102272 -0.225220 0.127123]
100_7110.JPG q=[0.033817 0.308127 -0.064682 0.948541] t=[-6.290557 0.090831 -0.753070]
